model,Sea-ice concentration(SO),pCO2(devi; ppmv),ΔSST(K),pCO2(sst; ppmv),Δ14Cage(yr),pCO2(org; ppmv),SST(NADW-SO) (K),pCO2(gas; ppmv)
MIROC,0.23,-4.46,-2.69,-34.93,207.95,-29.79,-3.48,3.59
AWI-ESM-1-1-LR,0.23,-3.05,-1.92,-25.39,155.12,-19.62,-3.69,2.87
INM-CM4-8,0.13,2.13,-1.85,-23.35,-9.00,-24.16,-5.66,-10.70
MIROC-ESL,0.18,-1.45,-2.24,-23.35,14.79,-16.45,-2.25,2.05
MPI-ESM1-2,0.21,-4.58,-1.95,-25.56,241.56,-25.54,-0.88,0.43
CCSM4,0.28,0.00,-2.71,-35.21,312.59,-16.84,-2.10,4.13
CNRM-CM5,0.16,-0.29,-1.47,-19.46,121.42,-27.48,3.75,10.74
GISS-E2R,0.15,-0.32,-2.41,-30.92,-106.60,-7.89,-2.51,8.03
IPSL-ESM,0.16,-0.69,-2.67,-34.37,219.26,-18.03,-2.37,5.99
MIROC-ESM,0.23,-2.84,-2.68,-34.34,379.29,-19.83,-4.39,10.84
MPI-ESM-P,0.21,-1.57,-2.39,-31.12,242.03,-31.14,-2.16,6.61
MRI-CGCM3,0.31,-4.74,-2.86,-37.27,260.07,-22.78,0.14,30.05
mean,0.21,-2.20,-2.32,-30.12,169.87,-21.65,-2.44,6.22
